%%%%%%%%%%%%%%%%%%%
% Lista de puntos %
%%%%%%%%%%%%%%%%%%%
%%%%%%%%%
% 1 2 3 %
% 4 5 6 %
% 7 8 9 %
%%%%%%%%%
%%%%%%%%%%%%%%%%%%
%       X     Y  %
% 1. -0.82  1.21 %
% 2. -0.05  1.21 %
% 3.  0.72  1.21 %
% 4. -0.87  0.45 %
% 5.  0.05  0.40 %
% 6.  0.72  0.42 %
% 7. -0.89 -0.36 %
% 8.  0.06 -0.39 %
% 9.  0.72 -0.36 %
%%%%%%%%%%%%%%%%%%
p = [ ...
    -0.72  1.12; ... % 1
    -0.03  1.13; ... % 2
     0.71  1.15; ... % 3
    -0.77  0.42; ... % 4
     0.04  0.38; ... % 5    
     0.68  0.39; ... % 6
    -0.78 -0.29; ... % 7
     0.04 -0.30; ... % 8
     0.65 -0.32; ... % 9
    ];